1 7 18225 18533 19023 17890 18073 19663 6151 
1 3 9506 2168 13730 
1 6 10484 3305 15012 1780 11446 5352 
1 4 11608 15520 6481 1207 
1 3 5352 7789 7045 
1 3 10484 14877 19320 
1 4 1207 6481 10296 13583 
1 4 7045 6189 6140 5446 
1 5 10484 14877 11669 1466 15528 
1 5 13583 7848 4333 10544 5673 
1 6 13730 659 16408 11695 3788 14727 
1 4 5446 210 15073 360 
1 4 620 5279 13238 15105 
1 6 5352 8956 17679 5322 12686 2234 
1 2 15105 4032 
1 5 7045 3745 15124 4357 13332 
1 4 620 7702 10475 15274 
1 7 13730 10673 5736 17322 7164 7838 15334 
1 3 2234 3784 4695 
1 4 15334 10437 15382 16167 
1 7 14727 4190 5482 578 15955 9635 8060 
1 5 5446 2542 7554 4863 11248 
1 4 15274 12925 5682 2926 
1 8 4695 10206 11846 15363 9539 2708 6954 1041 
1 6 16167 8648 6488 6981 8573 12727 
1 6 2926 14546 8340 17374 8376 15495 
1 6 8060 4814 2740 5997 9054 17682 
1 4 12727 14502 12193 11626 
1 6 11248 4715 7721 77 17408 15385 
1 6 4695 7758 4850 13006 7845 14707 
1 5 16167 6862 13974 3292 13065 
1 6 2926 8766 7649 16598 10740 12104 
1 3 17682 3410 7308 
1 3 15495 6126 652 
1 5 14707 16537 17541 16902 7831 
1 4 15495 8618 16051 7871 
1 2 7831 4009 
1 5 15385 6905 16828 14105 5945 
1 6 15385 2642 9945 15329 9660 2719 
1 5 7871 1283 6291 11879 11969 
1 5 13065 15901 8676 17164 10748 
1 5 12727 11284 14273 8076 4155 
1 7 1041 16409 15212 5542 5681 4502 14782 
1 3 7871 9591 4149 
1 4 2719 4143 13143 831 
1 4 4155 11953 14443 10459 
1 6 12104 8375 16124 2141 6384 728 
1 6 17682 2829 5725 15707 1000 12553 
1 5 2719 15818 6848 13011 2923 
1 6 5945 3491 10356 7560 8595 5428 
1 3 728 8812 4654 
1 5 4009 10229 7234 6729 10334 
1 5 831 9296 3323 6268 2576 
1 5 5428 8595 8709 8123 7113 
1 5 2923 3656 13278 8212 6070 
1 6 10459 3750 15673 21 3448 17270 
1 4 12553 1080 11573 13813 
1 3 4654 17421 4328 
1 3 5428 16714 14067 
1 9 652 2404 3783 5141 9576 13244 13986 14904 17512 
1 5 17512 14777 12482 13552 4523 
1 4 7113 17083 10295 4508 
1 4 4523 3348 8754 8234 
1 5 2923 12075 13548 15949 10569 
1 4 6070 8882 874 10982 
1 5 2576 15050 8017 11698 6361 
1 5 8234 3867 11390 7795 10862 
1 6 14067 15325 9356 16617 14700 2857 
1 8 2857 10530 13648 12860 9184 4986 5776 2040 
1 5 10569 3153 11837 13401 15006 
1 5 2857 14700 7145 12960 17344 
1 5 8234 17387 5923 13797 15477 
1 5 4508 8772 2221 14225 12552 
1 5 15006 3667 186 6379 3415 
1 5 3415 722 5990 8642 2937 
1 4 15477 16993 13719 15700 
1 2 12552 14253 
1 4 15477 6371 17595 11289 
1 9 2937 6493 1669 10694 10900 1835 6347 11432 16766 
1 4 16766 11432 6347 1835 
1 5 3415 1278 1213 2305 6218 
1 3 1835 7590 15139 
1 2 6218 14642 
1 5 14253 4547 5131 11435 15664 
1 5 15139 1069 9424 9915 16483 
1 5 15664 14318 4706 1004 6527 
1 3 2040 5776 2040 
1 5 16483 9335 16726 4932 1910 
1 4 6527 2898 16316 9380 
1 3 9380 12155 14781 
1 7 16483 6061 6489 3859 1848 3202 12571 
1 3 14781 17477 16536 
1 3 16536 12162 13250 
1 6 13250 10449 10088 13458 857 4988 
1 6 12571 3202 7213 3776 8106 16628 
1 4 4988 857 1621 13269 
1 2 16628 430 
1 2 430 14565 
1 4 16628 15866 1948 14543 
1 4 14543 16809 8145 9754 
1 10 4988 9412 568 15327 11895 6935 4301 6149 14333 8742 
1 4 9754 4129 251 8496 
1 6 14565 4701 13815 8684 4915 3373 
1 6 8742 6730 143 14474 4495 10814 
1 6 14543 1948 1006 15292 528 17566 
1 2 3373 6056 
1 3 10814 14292 10436 
1 6 8742 6216 12189 1102 5999 9621 
1 3 9621 9574 16054 
1 4 10436 14518 10877 4914 
1 5 9621 14136 15663 16217 11794 
1 6 4914 2468 12440 4994 3515 2300 
1 4 11794 4306 10179 6829 
1 4 6829 16142 11965 16681 
1 6 2300 10381 11090 6592 11840 941 
1 6 6829 7120 13544 8575 13298 4027 
1 4 941 5084 9084 1805 
1 4 1805 1498 4827 1408 
1 3 1408 893 15506 
1 4 1408 10067 15316 2335 
1 7 2335 885 8038 6025 6516 8953 15282 
1 5 2335 194 16042 5298 4525 
1 6 15282 597 4772 14350 8961 14405 
1 12 3852 8726 7642 11422 1579 6454 5134 759 11707 11307 17449 75 
1 4 75 14290 11818 14385 
1 5 14385 13768 14026 13217 8721 
1 4 14385 10239 2587 12799 
1 11 75 7866 13441 4995 9858 16353 12541 7540 14188 7032 6881 
1 7 12799 7132 9704 5301 4795 14313 6977 
1 6 12799 12948 15630 3683 13850 8363 
1 3 8363 17028 5118 
1 6 12799 16122 3143 8511 11146 9132 
1 4 6977 16848 10805 7629 
1 4 7629 10752 13837 14516 
1 4 7629 12676 13565 11689 
1 3 11689 11265 7335 
1 5 5118 16135 6110 16053 14939 
1 9 9132 5498 1034 7047 10772 4977 16127 6343 1775 
1 3 14939 9682 10932 
1 9 10932 12618 8047 10139 8273 11839 2222 12120 16727 
1 3 1775 6343 1775 
1 7 1775 6343 17168 7904 11849 12585 2055 
1 7 7335 513 15341 16197 3948 3207 5680 
1 3 10932 16907 557 
1 3 1403 3284 920 
1 5 5680 2195 13317 8322 177 
1 3 557 13753 2363 
1 3 177 3395 2245 
1 6 2363 15694 6234 15867 372 936 
1 6 2363 13704 10031 7030 10116 291 
1 4 2245 14454 8562 15752 
1 9 15752 14239 15026 16795 6696 4497 8769 10440 16402 
1 5 936 12434 1714 14217 16547 
1 11 177 3395 177 1353 8322 5966 15313 2245 15773 17371 3215 
1 7 15752 14239 6762 4517 1200 14627 15570 
1 6 291 6010 8341 2744 16784 302 
1 6 302 16784 16478 7529 13776 12811 
1 5 15570 877 6590 9145 13616 
1 3 13616 9145 11012 
1 2 12811 5323 
1 6 16547 3804 17195 5643 241 10717 
1 5 13616 9164 5691 2150 6736 
1 12 10717 11392 2173 11863 2074 14639 15435 9242 5520 8284 15763 1778 
1 3 1778 17665 7564 
1 6 11012 13720 16403 10135 12002 1238 
1 7 7564 4552 3964 8842 6009 11775 9133 
1 7 10717 6969 5567 17390 16340 11186 2438 
1 7 1238 10745 7116 2275 3055 10240 835 
1 4 2438 11186 9592 11416 
1 7 5323 13087 12124 15380 9522 13029 1044 
1 3 9227 15182 1303 
1 4 9227 15182 13991 10242 
1 5 9227 9982 1479 5452 17910 
1 4 10242 6104 13731 9944 
1 4 964 13934 5663 7296 
1 4 964 1323 12803 8786 
1 6 7296 5136 7285 1394 8168 4578 
1 3 8786 6809 644 
1 6 8786 14206 9670 12921 6577 2803 
1 2 6447 6710 
1 7 6447 10729 2701 10579 14396 4790 17298 
1 3 644 9679 6077 
1 4 2803 16152 13123 10761 
1 7 4578 16554 10326 13765 4393 10727 14484 
1 3 6447 13889 4289 
1 3 14484 16444 13343 
1 3 17298 9672 6085 
1 5 6710 8400 15971 3322 2945 
1 8 15783 15821 3675 5850 10552 15963 9529 11741 
1 3 6085 1222 6709 
1 3 10761 4352 1540 
1 3 15783 15821 583 
1 3 13343 10048 10960 
1 5 6077 11592 2432 9334 9303 
1 6 4289 14685 17176 7881 5112 16 
1 4 11741 10426 4794 13657 
1 3 10960 12320 8921 
1 6 2945 14853 16329 11757 3095 7732 
1 4 583 7842 12771 16351 
1 6 9303 10397 1 12545 13865 15370 
1 7 1540 7485 7400 3984 15078 9622 3201 
1 5 16 2446 6068 1055 1641 
1 3 3201 14002 10789 
1 4 8921 16677 16961 14178 
1 2 14178 7877 
1 5 7732 1861 13740 11068 27 
1 7 6709 16367 1877 7630 70 6784 16985 
1 5 16985 7193 6869 13215 3600 
1 4 15370 9159 17226 12082 
1 3 10789 12792 5215 
1 4 3600 11361 4647 11654 
1 4 1641 11853 2867 7107 
1 5 27 45 5272 11972 6440 
1 4 7107 14989 7801 7876 
1 5 6440 1295 2152 3944 11856 
1 6 3201 10627 2448 14104 3824 5853 
1 4 7876 17218 15959 184 
1 4 16985 4331 17046 10528 
1 4 5215 15309 4849 4339 
1 2 10528 273 
1 4 6440 5553 13404 11255 
1 3 184 8935 13338 
1 9 4339 11143 4849 771 11004 1210 11319 9155 12973 
1 2 7877 18667 
1 7 5853 12705 8883 2065 6788 3288 12200 
1 3 12200 11518 11367 
1 6 273 3458 2665 6092 3170 11316 
1 7 12973 5759 2193 5645 8300 12612 10385 
1 3 17870 17735 19229 
1 3 11316 6271 2013 
1 3 11367 14763 14466 
1 5 12200 13785 8930 5479 2134 
1 7 14466 15849 681 11752 8950 9521 6244 
1 7 13338 2371 10913 15468 16548 7653 4253 
1 5 10385 13910 11318 7405 14110 
1 5 2013 5548 14190 12090 2778 
1 4 6244 5932 14395 2595 
1 13 2595 13513 2595 13628 5932 6244 9521 8857 14403 12212 17675 7061 1521 
1 3 1521 5011 7641 
1 3 1828 10389 2557 
1 4 5652 16112 16760 10540 
1 3 10540 5805 10406 
1 9 10540 16541 10132 16737 16770 14741 17417 4548 240 
1 10 10406 16820 14499 17084 4592 4540 4324 4215 9952 3638 
1 8 10406 4985 1650 12823 16509 6315 3883 6469 
1 2 3638 5403 
1 3 5403 8498 16997 
1 10 368 13139 9073 12080 5944 12901 12091 9352 17678 3268 
1 4 1367 4187 9104 2528 
1 5 3268 17678 9716 5445 9626 
1 3 3268 13930 3901 
1 7 9626 13673 16742 17126 10007 15407 1266 
1 6 16997 13852 16666 12859 8204 1858 
1 4 3901 2117 5034 67 
1 9 904 1909 3270 16749 11658 228 16417 4031 282 
1 4 282 4031 16417 760 
1 4 1266 15056 3214 2279 
1 6 67 6258 16288 5462 16196 4263 
1 10 1858 3718 1858 9055 16892 16313 584 8204 11075 2058 
1 11 2279 3214 2279 11729 15056 1266 14374 12288 4653 9569 9947 
1 17 67 7864 7622 9231 10654 3051 12955 3262 16976 4092 67 6258 5034 15386 4954 191 8828 
1 12 2279 3214 2279 11729 9645 11736 5395 15206 11379 13701 14899 2637 
1 4 2912 16555 10555 1994 
1 7 756 9446 17185 2963 15978 2693 236 
1 2 1994 13288 
1 4 756 5734 5365 14071 
1 9 282 3029 17246 15807 1415 17281 11719 9278 3339 
1 6 141 15781 4527 14713 6956 8518 
1 11 236 11028 3467 1414 6933 9381 3696 12403 841 444 384 
1 6 384 14875 7361 11786 7960 12171 
1 6 14071 10463 15750 13637 13009 2258 
1 5 2258 7705 5296 12445 3610 
1 4 384 1396 1885 1138 
1 7 13288 17324 2495 4947 2288 13760 9297 
1 3 2258 15709 5179 
1 17 9297 2870 11594 15562 897 4908 15712 15746 16886 429 10133 4137 9150 7002 9690 9253 1437 
1 6 1437 12950 11700 12121 868 5211 
1 14 3339 11134 17596 9316 12709 6656 17308 10299 3710 7202 4240 8713 5321 1014 
1 6 5211 16373 14467 15785 250 5448 
1 6 5448 2418 2903 6607 6958 18845 
1 4 5448 13780 8666 12855 
1 19 9297 1086 16622 11242 6380 7257 11026 11726 3463 14100 4041 14767 15419 2865 11479 10209 5147 5654 5154 
1 9 14430 12918 11865 4364 15729 3038 11003 9081 533 
1 8 14430 12918 11865 5394 14776 14456 5018 7536 
1 6 14430 11022 17519 13122 10194 239 
1 5 239 11000 2257 4600 10902 
1 4 7536 3584 13914 10083 
1 7 10902 4600 10902 12507 17257 7840 4385 
1 5 7536 402 13840 5950 74 
1 10 533 15770 17515 12423 6903 7751 8613 2210 9111 246 
1 5 4385 10511 8974 2841 1880 
1 5 10083 1250 13240 2126 15251 
1 5 10083 8354 1358 10432 4557 
1 6 4385 7840 5779 14500 6588 3033 
1 7 1880 5102 10036 7438 801 9505 296 
1 5 4557 12283 2317 12635 734 
1 4 4557 2886 11033 214 
1 2 734 1216 
1 5 3033 9075 9274 6520 1920 
1 5 3033 4930 15175 5275 2249 
1 5 214 1826 232 2360 3934 
1 5 1920 457 10630 17089 7932 
1 2 3934 6230 
1 6 7932 596 14457 15188 12634 7757 
1 6 2249 17045 16999 13452 1962 689 
1 4 3934 10138 7891 14930 
1 7 1216 15977 12616 16648 4177 9219 7219 
1 3 6230 3433 3036 
1 4 7757 4200 11130 3407 
1 4 3036 11398 16750 14134 
1 4 7219 17544 13008 2242 
1 4 689 3092 10217 10387 
1 3 10387 10217 2089 
1 3 14930 9799 13510 
1 3 2242 15001 1620 
1 4 689 16307 12139 532 
1 5 10387 9196 5203 7613 11560 
1 4 14930 15499 2182 12615 
1 5 3407 11130 9444 7168 15482 
1 4 11560 14824 9634 3733 
1 3 12615 4174 13841 
1 3 532 2572 355 
1 5 532 16662 7661 13528 3245 
1 4 13510 13958 5066 17658 
1 6 15482 14414 14540 1410 7255 2728 
1 5 1620 8252 5001 5009 7489 
1 4 355 10039 3253 3015 
1 3 3015 3272 751 
1 5 3245 4757 3222 2555 11611 
1 6 751 4427 8374 14280 1227 6054 
1 5 3245 11546 12902 16223 14250 
1 4 6054 1227 2813 1334 
1 8 13841 14155 625 1613 9408 1422 4566 6086 
1 5 3733 16039 5803 4247 19988 
1 5 751 8818 9129 15351 2154 
1 5 3057 1299 6769 5530 12242 
1 7 14250 1623 16882 11201 12081 6137 7495 
1 5 12242 16151 1917 11509 8914 
1 3 8745 16794 4742 
1 7 8745 12930 4446 15457 10860 4581 261 
1 6 261 2125 3441 7784 16400 928 
1 6 261 4581 8949 14355 4712 16739 
1 4 928 14736 5454 717 
1 8 16739 6692 6413 13598 10536 11203 3020 2600 
1 4 8365 13869 11268 3266 
1 2 8365 1533 
1 5 3266 15489 738 9806 6694 
1 7 3266 12983 9888 9636 1711 11338 11890 
1 2 11890 223 
1 7 1533 5829 11224 10051 6682 10393 16270 
1 5 1533 6994 13959 17306 3261 
1 6 16270 14307 7567 1406 9902 16145 
1 6 16145 10865 12797 12013 16315 11906 
1 3 11906 15021 5886 
1 4 16270 14307 17221 10162 
1 4 3261 12563 9611 12745 
1 6 11890 14046 4479 9538 363 308 
1 5 10162 7408 1975 17138 15915 
1 6 12745 13976 13712 6142 7615 2956 
1 6 5886 13158 590 15613 10046 978 
1 12 978 4835 7379 13063 1666 7179 8259 17156 413 16115 15717 9498 
1 5 10162 7079 1113 11997 3343 
1 7 11906 2700 8388 16306 16116 9824 11234 
1 5 11234 3746 14504 4440 12898 
1 3 978 17071 5248 
1 6 978 17071 10524 3050 11850 3727 
1 4 3343 10109 10783 16624 
1 8 3343 11065 10464 6438 1691 17653 3538 13864 
1 3 3727 11881 16366 
1 3 12898 11522 14215 
1 2 13864 8906 
1 5 13864 4922 1874 6433 7993 
1 5 14215 5712 16643 8801 7844 
1 6 14215 12515 2487 333 15162 14859 
1 8 1712 10869 14338 10636 10827 14754 15629 1764 
1 6 2956 7242 9899 7081 8163 612 
1 4 16366 400 4897 15526 
1 5 5248 11329 8228 11252 14996 
1 6 1764 9696 14862 10565 13799 4713 
1 3 14859 15831 16454 
1 2 612 54 
1 6 16624 14775 15221 13033 9069 4068 
1 2 8906 19996 
1 4 16454 17674 6983 11217 
1 4 15895 352 8018 10270 
1 2 15895 16001 
1 5 7844 10380 2409 15648 3182 
1 5 14859 11927 14942 17095 1091 
1 4 54 4396 12240 4275 
1 3 4713 7447 1486 
1 5 14996 3109 3497 7528 17642 
1 5 54 5125 12796 12488 643 
1 2 17642 10946 
1 6 14996 17158 3900 14889 15907 7867 
1 4 3182 2835 6714 264 
1 6 10946 12314 7764 12386 8662 3250 
1 5 4068 3827 4029 5367 14030 
1 5 16001 10728 3099 7392 960 
1 3 3250 10329 1061 
1 4 4275 13878 5208 6512 
1 6 1486 10009 437 13430 17141 406 
1 5 1091 14900 5309 16040 9475 
1 5 6512 17239 13498 9239 3820 
1 4 643 13486 12715 3785 
1 6 10270 13832 7824 5704 12794 6871 
1 5 7867 10839 12767 7542 5543 
1 4 960 1457 15569 2000 
1 7 9475 16092 10560 6190 10897 13457 17057 
1 3 3820 14809 2504 
1 5 264 3378 13669 4192 20002 
1 3 6919 12677 704 
1 5 406 12247 15842 12730 1681 
1 4 1061 1961 3178 326 
1 6 10946 5624 17466 4001 7991 32 
1 7 704 17663 17436 7733 5474 11889 111 
1 7 14030 6007 535 2918 12713 13696 2942 
1 3 2504 3568 2652 
1 5 17057 16284 5104 13992 1776 
1 5 1776 13635 9814 3416 527 
1 6 9475 14441 1094 13165 13054 2009 
1 5 3785 6337 3279 15344 11765 
1 5 11765 10753 7364 2339 3346 
1 5 1681 15083 9747 12954 2144 
1 4 326 15738 10333 5277 
1 6 6871 8174 9291 9654 11341 3703 
1 7 5277 6425 15731 7274 10765 15900 3735 
1 6 2942 15088 14720 1273 17022 14168 
1 6 2652 3198 1480 12989 16871 5017 
1 4 14168 2129 5163 9115 
1 4 527 731 16303 607 
1 5 2009 14419 3374 16671 3548 
1 5 3703 6706 12711 15576 16247 
1 4 11765 17037 15964 5176 
1 5 9115 1377 2489 11314 890 
1 4 5277 10131 16385 7161 
1 5 5017 8609 14726 13393 12516 
1 6 1776 11447 16740 13728 6827 135 
1 4 3548 10224 14715 2815 
1 2 5176 301 
1 8 3346 1817 14826 10701 17695 4102 6753 18916 
1 3 135 10828 3862 
1 5 3735 15900 16100 14085 1135 
1 4 5017 1766 9892 1376 
1 7 16247 11604 5425 7499 8855 13162 3821 
1 5 2815 11411 5157 15995 9683 
1 5 890 3881 14569 863 2901 
1 6 9683 5245 8667 14955 17007 16917 
1 3 2901 8197 260 
1 5 12516 9638 208 11877 5100 
1 4 135 6540 10481 7005 
1 3 5825 9519 18820 
1 8 890 4510 5644 2073 17114 14040 6082 17315 
1 3 260 9552 8775 
1 5 5100 14052 11941 12047 15542 
1 5 301 9481 14011 5863 1652 
1 4 2553 13482 8074 3248 
1 5 4158 17636 5270 1398 14140 
1 5 1135 6620 1329 15304 1128 
1 5 1652 4077 12666 7034 12298 
1 5 17315 1607 10374 7977 14108 
1 2 8775 2259 
1 3 14140 17543 17634 
1 4 17315 12904 3647 12966 
1 8 9683 8404 9102 8229 16176 12763 9484 8576 
1 3 8576 9484 4204 
1 3 8576 10999 423 
1 3 14108 14068 17774 
1 5 3248 14029 16759 17404 4081 
1 3 17634 1800 2583 
1 6 2583 14981 3870 1224 1211 12653 
1 3 2553 13859 11515 
1 6 423 3413 16482 4111 16086 3806 
1 4 4081 13972 10140 9768 
1 9 2259 5959 10896 12509 10847 9421 7183 17309 504 
1 4 12966 800 13962 18675 
1 3 504 5383 524 
1 5 12298 8046 15271 6130 4530 
1 4 9632 7125 11460 11679 
1 3 3806 16493 566 
1 8 2583 15400 1023 10527 719 9056 10424 14759 
1 6 14759 7989 10307 2827 17286 1573 
1 4 1573 882 15121 8133 
1 5 11679 15644 761 813 3559 
1 4 11679 16293 4209 8130 
1 4 504 1603 15695 7762 
1 3 8130 4053 5198 
1 10 566 3376 7768 3167 11533 2175 16930 10113 8803 408 
1 3 566 14503 3167 
1 6 14759 12853 10071 13968 2405 2975 
1 4 14759 7742 6342 8500 
1 6 408 12439 7975 14788 15655 3823 
1 4 3559 15230 11864 3426 
1 5 5198 14120 11351 7277 8200 
1 5 1573 2291 13224 16534 1956 
1 5 5198 5727 6226 2494 16413 
1 2 1956 253 
1 6 8500 12096 14162 8079 2519 14974 
1 7 3823 3981 3884 7092 11349 4755 517 
1 5 3823 9400 17293 9477 12027 
1 3 12027 6734 15034 
1 3 14974 14667 13743 
1 5 3426 17068 16028 6084 14007 
1 4 14974 8744 11791 8909 
1 5 253 9013 11262 428 5173 
1 4 16413 2098 10323 13 
1 4 13 11455 1750 11285 
1 5 517 16070 178 679 6999 
1 5 13 7383 12724 2179 13336 
1 5 5173 2161 16362 1738 8691 
1 4 8691 2105 8715 12251 
1 5 8691 5481 9922 359 12346 
1 13 517 15455 1493 14331 17567 2252 62 8056 3841 16916 525 3691 34 
1 6 6999 9233 6780 11660 12337 19181 
1 5 34 13763 5524 14485 8274 
1 5 12346 11436 13784 6445 11449 
1 13 12251 15929 15256 17409 950 7221 91 2682 14038 8041 6505 459 5802 
1 5 11449 3636 3444 4264 10970 
1 4 10970 4411 14416 10725 
1 3 8007 11558 10005 
1 4 10005 17217 8454 2382 
1 5 2382 4152 16296 13915 4248 
1 6 15586 16016 8409 15507 9767 5256 
1 3 5256 11156 9886 
1 4 15586 11295 8293 9665 
1 5 9665 12030 7130 991 3428 
1 4 9665 10529 12490 15474 
1 5 15474 757 8544 4768 7568 
1 7 7568 13668 17498 5330 16874 6346 1359 
1 6 1359 14583 11619 7984 16606 16110 
1 7 1359 13398 13990 9846 3688 7 6206 
1 6 16110 10963 16485 12287 10619 10768 
1 5 1359 2925 5465 3941 5926 
1 4 16110 15721 12743 9555 
1 6 10768 8671 9714 10407 13212 13378 
1 9 13378 5792 1084 16430 6600 8866 7928 8343 16389 
1 7 9555 371 13497 3699 8336 1121 8020 
1 4 8020 6741 12667 6593 
1 18 4774 10610 8762 11168 7269 15564 14805 119 12679 9585 12999 13426 15349 6748 12411 2189 7411 2309 
1 2 2309 1059 
1 6 1059 8401 12663 4671 3492 9464 
1 5 2309 7411 2564 15627 2022 
1 2 2022 11464 
1 2 11464 76 
1 3 9464 4516 1981 
1 9 11464 17012 10457 3412 17669 3487 14390 2683 10047 
1 7 1981 4516 13666 4337 10868 11 846 
1 4 846 4173 17441 3679 
1 8 10047 11080 5815 14079 147 16249 9078 12130 
1 4 10047 11080 7344 580 
1 4 12130 8724 5772 6437 
1 4 6437 3216 15640 560 
1 7 846 9445 17381 8539 14979 13093 2927 
1 7 560 7919 15117 3137 3115 3417 4737 
1 5 3534 3510 5921 2580 12465 
1 5 4737 14884 13156 15395 1524 
1 4 1524 7931 11587 5003 
1 7 12465 17266 8299 7013 5961 4008 17616 
1 7 1524 6855 7719 1433 9996 2566 247 
1 5 5003 14366 17453 16491 13624 
1 5 247 8850 14926 15475 740 
1 3 740 9375 4128 
1 5 4128 12774 1331 2352 10026 
1 7 10026 1782 1206 10322 7268 1293 5834 
1 6 4128 15270 7522 2237 12462 1548 
1 4 5834 10941 13652 13107 
1 9 13107 5146 4513 4778 13106 617 2014 1024 11774 
1 2 6947 19092 
1 4 9987 6921 8824 1842 
1 5 1842 1688 1784 2828 8849 
1 9 14312 4146 5972 11010 15513 17181 2703 11303 7256 
1 7 7256 8538 11596 12750 7573 16741 14676 
1 5 9987 5235 2322 10390 1928 
1 2 8104 18379 
1 5 8849 16753 7112 7065 18587 
1 5 14676 16614 5325 8383 17406 
1 2 7256 18936 
1 5 8849 16753 9890 2219 10933 
1 3 959 13474 8093 
1 3 12267 14089 13074 
1 4 14676 12683 15607 588 
1 3 588 15607 4342 
1 4 13074 811 17229 8700 
1 5 959 3000 12127 17517 6058 
1 4 13985 6574 306 17609 
1 5 1928 15417 7124 9399 14766 
1 3 14766 7241 1513 
1 5 588 3021 17 4045 7942 
1 5 17609 15462 5339 1452 16156 
1 3 7942 6873 9773 
1 5 4342 1075 2766 8266 10151 
1 4 8700 12211 7085 9515 
1 7 17609 16510 7704 16844 9641 7180 17060 
1 8 9515 7085 1919 2236 15017 9065 15031 16613 
1 5 10151 14093 12372 105 4621 
1 6 16156 16381 1452 14214 10207 10688 
1 4 1513 8257 5059 15179 
1 4 17060 16021 8091 10943 
1 5 17060 4453 4834 11571 14400 
1 4 14400 8226 12556 3157 
1 6 4621 401 2023 8050 5441 13630 
1 5 3157 5684 3494 13873 10369 
1 8 14400 7295 7053 8226 2752 10747 11911 515 
1 4 10369 3713 10347 6856 
1 5 13630 10650 12696 9817 15657 
1 3 13630 13383 5575 
1 4 5575 13748 11565 13708 
1 5 3157 9745 5379 5551 161 
1 2 161 17029 
1 3 15657 2562 2681 
1 5 6856 1082 17053 7068 9254 
1 4 2681 848 3449 7324 
1 4 13708 3388 4978 17104 
1 5 17104 7508 7722 2804 13285 
1 7 17029 15264 11151 15747 15676 4642 1512 
1 6 1512 8189 16785 15409 1643 10079 
1 4 1512 2076 11762 12746 
1 6 7324 3449 13894 15854 8442 16730 
1 6 16730 10145 2027 16673 16235 11486 
1 5 12746 17287 2433 15843 6554 
1 5 10079 8537 16364 11510 15784 
1 4 6554 174 13433 12945 
1 7 6554 5014 7969 4130 11173 11764 1741 
1 4 15784 13056 156 4545 
1 5 1741 7716 14197 15776 15360 
1 5 1741 4403 5782 17399 5796 
1 4 5796 774 6207 9096 
1 5 15360 3537 15189 9201 4371 
1 5 5796 3430 13530 809 14434 
1 7 4545 8309 2199 1939 12470 6181 11797 
1 5 4371 5159 489 9684 9509 
1 6 14434 2674 11427 12276 9476 2623 
