1 13
1 16
1 27
1 32
1 34
1 54
1 67
1 74
1 75
1 76
1 111
1 135
1 141
1 161
1 177
1 184
1 214
1 223
1 236
1 239
1 240
1 246
1 247
1 253
1 260
1 261
1 264
1 273
1 282
1 291
1 296
1 301
1 302
1 308
1 326
1 355
1 360
1 368
1 384
1 406
1 408
1 423
1 430
1 504
1 515
1 517
1 524
1 527
1 532
1 533
1 557
1 560
1 566
1 580
1 583
1 588
1 607
1 612
1 620
1 643
1 644
1 652
1 689
1 704
1 717
1 728
1 734
1 740
1 751
1 756
1 760
1 831
1 835
1 846
1 890
1 904
1 920
1 928
1 936
1 941
1 959
1 960
1 964
1 978
1 1014
1 1041
1 1044
1 1059
1 1061
1 1091
1 1128
1 1135
1 1138
1 1207
1 1216
1 1238
1 1266
1 1303
1 1334
1 1359
1 1367
1 1376
1 1403
1 1408
1 1437
1 1486
1 1512
1 1513
1 1521
1 1524
1 1533
1 1540
1 1548
1 1573
1 1620
1 1641
1 1652
1 1681
1 1712
1 1741
1 1764
1 1775
1 1776
1 1778
1 1805
1 1828
1 1835
1 1842
1 1858
1 1880
1 1910
1 1920
1 1928
1 1956
1 1981
1 1994
1 2000
1 2009
1 2013
1 2022
1 2040
1 2055
1 2058
1 2089
1 2134
1 2144
1 2154
1 2234
1 2242
1 2245
1 2249
1 2258
1 2259
1 2279
1 2300
1 2309
1 2335
1 2363
1 2382
1 2438
1 2504
1 2528
1 2553
1 2557
1 2576
1 2583
1 2595
1 2600
1 2623
1 2637
1 2652
1 2681
1 2719
1 2728
1 2778
1 2803
1 2815
1 2857
1 2901
1 2912
1 2923
1 2926
1 2927
1 2937
1 2942
1 2945
1 2956
1 2975
1 3015
1 3033
1 3036
1 3057
1 3157
1 3167
1 3182
1 3201
1 3215
1 3245
1 3248
1 3250
1 3261
1 3266
1 3268
1 3339
1 3343
1 3346
1 3373
1 3407
1 3415
1 3426
1 3428
1 3534
1 3548
1 3559
1 3600
1 3610
1 3638
1 3679
1 3703
1 3727
1 3733
1 3735
1 3785
1 3806
1 3820
1 3821
1 3823
1 3852
1 3862
1 3901
1 3934
1 4009
1 4027
1 4032
1 4068
1 4081
1 4128
1 4149
1 4155
1 4158
1 4204
1 4248
1 4253
1 4263
1 4275
1 4289
1 4328
1 4339
1 4342
1 4371
1 4385
1 4508
1 4523
1 4525
1 4530
1 4545
1 4557
1 4578
1 4621
1 4654
1 4695
1 4713
1 4737
1 4742
1 4774
1 4914
1 4988
1 5003
1 5017
1 5100
1 5118
1 5154
1 5173
1 5176
1 5179
1 5198
1 5211
1 5215
1 5248
1 5256
1 5277
1 5323
1 5352
1 5403
1 5428
1 5446
1 5448
1 5543
1 5575
1 5652
1 5673
1 5680
1 5796
1 5802
1 5825
1 5834
1 5853
1 5886
1 5926
1 5945
1 6054
1 6056
1 6058
1 6070
1 6077
1 6085
1 6086
1 6151
1 6206
1 6218
1 6230
1 6244
1 6361
1 6437
1 6440
1 6447
1 6469
1 6512
1 6527
1 6554
1 6593
1 6694
1 6709
1 6710
1 6736
1 6829
1 6856
1 6871
1 6881
1 6919
1 6947
1 6977
1 6999
1 7005
1 7045
1 7107
1 7113
1 7161
1 7219
1 7256
1 7296
1 7308
1 7324
1 7335
1 7489
1 7495
1 7536
1 7564
1 7568
1 7629
1 7641
1 7732
1 7757
1 7762
1 7831
1 7844
1 7867
1 7871
1 7876
1 7877
1 7932
1 7942
1 7993
1 8007
1 8020
1 8060
1 8093
1 8104
1 8130
1 8133
1 8200
1 8234
1 8274
1 8363
1 8365
1 8496
1 8500
1 8518
1 8576
1 8691
1 8700
1 8721
1 8742
1 8745
1 8775
1 8786
1 8828
1 8849
1 8906
1 8909
1 8914
1 8921
1 9096
1 9115
1 9132
1 9133
1 9227
1 9254
1 9297
1 9303
1 9380
1 9464
1 9475
1 9498
1 9506
1 9509
1 9515
1 9555
1 9621
1 9626
1 9632
1 9665
1 9683
1 9754
1 9768
1 9773
1 9886
1 9944
1 9947
1 9987
1 10005
1 10026
1 10047
1 10079
1 10083
1 10151
1 10162
1 10242
1 10270
1 10334
1 10369
1 10385
1 10387
1 10406
1 10436
1 10459
1 10484
1 10528
1 10540
1 10569
1 10688
1 10717
1 10725
1 10748
1 10761
1 10768
1 10789
1 10814
1 10862
1 10902
1 10932
1 10933
1 10943
1 10946
1 10960
1 10970
1 10982
1 11012
1 11217
1 11234
1 11248
1 11255
1 11285
1 11289
1 11316
1 11367
1 11416
1 11449
1 11464
1 11486
1 11515
1 11560
1 11608
1 11611
1 11626
1 11654
1 11679
1 11689
1 11741
1 11765
1 11774
1 11794
1 11797
1 11856
1 11890
1 11906
1 11969
1 12027
1 12082
1 12104
1 12130
1 12171
1 12200
1 12242
1 12251
1 12267
1 12298
1 12346
1 12465
1 12516
1 12552
1 12553
1 12571
1 12615
1 12653
1 12727
1 12745
1 12746
1 12799
1 12811
1 12855
1 12898
1 12945
1 12966
1 12973
1 13065
1 13074
1 13107
1 13250
1 13269
1 13285
1 13288
1 13332
1 13336
1 13338
1 13343
1 13378
1 13510
1 13583
1 13616
1 13624
1 13630
1 13657
1 13708
1 13730
1 13743
1 13813
1 13841
1 13864
1 13985
1 14007
1 14030
1 14067
1 14071
1 14108
1 14110
1 14134
1 14140
1 14168
1 14178
1 14215
1 14250
1 14253
1 14312
1 14385
1 14400
1 14405
1 14430
1 14434
1 14466
1 14484
1 14516
1 14543
1 14565
1 14642
1 14676
1 14707
1 14727
1 14759
1 14766
1 14781
1 14782
1 14859
1 14930
1 14939
1 14974
1 14996
1 15006
1 15034
1 15105
1 15139
1 15179
1 15251
1 15274
1 15282
1 15334
1 15360
1 15370
1 15385
1 15474
1 15477
1 15482
1 15495
1 15506
1 15526
1 15528
1 15542
1 15570
1 15586
1 15657
1 15664
1 15700
1 15752
1 15783
1 15784
1 15895
1 15915
1 16001
1 16054
1 16110
1 16145
1 16156
1 16167
1 16247
1 16270
1 16351
1 16366
1 16389
1 16402
1 16413
1 16454
1 16483
1 16536
1 16547
1 16613
1 16624
1 16628
1 16681
1 16727
1 16730
1 16739
1 16766
1 16917
1 16985
1 16997
1 17029
1 17057
1 17060
1 17104
1 17270
1 17298
1 17315
1 17344
1 17406
1 17512
1 17566
1 17609
1 17616
1 17634
1 17642
1 17658
1 17682
1 17774
1 17870
1 17910
1 18225
1 18379
1 18587
1 18667
1 18675
1 18820
1 18845
1 18916
1 18936
1 19092
1 19181
1 19229
1 19320
1 19988
1 19996
1 20002
